100 0
200 103
300 205
400 320
500 403
600 505
700 603
800 700
900 801
1000 901
1100 1002
1200 1100
1300 1214
1400 1304
1500 1400
1600 1505
1700 1604
1800 1703
1900 1809
2000 1922
2100 2001
2200 2100
2300 2207
2400 2300
2500 2409
2600 2508
2700 2609
2800 2704
2900 2810
3000 2907
3100 3004
3200 3100
3300 3200
3400 3300
3500 3404
3600 3515
3700 3611
3800 3701
3900 3801
4000 3901
4100 4000
4200 4101
4300 4206
4400 4305
4500 4401
4600 4501
4700 4600
4800 4716
4900 4807
5000 4913
5100 5004
5200 5102
5300 5202
5400 5303
5500 5406
5600 5500
5700 5604
5800 5701
5900 5805
6000 5900
6100 6003
6200 6104
6300 6201
6400 6304
6500 6404
6600 6509
6700 6601
6800 6711
6900 6800
7000 6909
7100 7002
7200 7113
7300 7204
7400 7304
7500 7400
7600 7509
7700 7603
7800 7701
7900 7808
8000 7908
8100 8003
8200 8102
8300 8210
8400 8300
8500 8403
8600 8506
8700 8603
8800 8702
8900 8811
9000 8903
9100 9000
9200 9106
9300 9205
9400 9306
9500 9403
9600 9501
9700 9603
9800 9703
9900 9803
10000 9900
10100 []
